1. part one
weights 3x3
[[1,-1,1],
[1,-1,-1],
[-1,1,1]]

inputs 16x16
[[-1,1,1,-1,1,1,-1,1,1,1,1,1,1,1,1,1],
[1,-1,1,1,1,-1,1,1,-1,1,1,1,-1,1,1,1],
[1,1,-1,1,1,1,-1,1,1,-1,1,1,1,-1,1,-1],
[1,1,-1,1,-1,-1,1,1,1,1,1,1,1,1,1,1],
[1,1,1,1,1,1,1,1,1,1,1,1,1,1,1,1],
[-1,1,1,-1,-1,-1,1,-1,1,1,1,1,1,1,1,1],
[1,1,1,1,1,1,1,-1,1,-1,1,1,1,1,1,1],
[-1,1,-1,1,-1,-1,-1,-1,-1,-1,1,1,1,1,1,1],
[-1,1,1,1,1,-1,1,1,1,1,-1,1,-1,-1,1,1],
[1,-1,1,-1,1,1,1,1,1,1,1,1,1,1,1,-1],
[-1,1,1,1,1,1,1,1,1,-1,1,1,1,1,1,-1],
[-1,1,1,-1,1,1,-1,1,1,1,1,1,1,1,1,1],
[1,1,-1,1,-1,-1,1,-1,-1,-1,-1,1,1,-1,1,1],
[-1,1,1,1,-1,1,1,-1,1,1,-1,1,1,-1,1,1],
[1,-1,-1,-1,1,1,1,-1,-1,-1,-1,1,1,-1,1,1],
[-1,1,1,-1,-1,-1,1,1,-1,-1,-1,1,1,-1,1,-1]]

result 14x14
[[-1. -5.  5.  1. -1. -1.  3.  1. -3.  3.  3.  1. -3.  1.]
 [ 3. -1. -1. -5.  5.  3. -3.  5.  1. -1. -1.  5.  1.  1.]
 [ 1.  5. -1.  5. -1.  1. -1. -1.  3. -1.  1. -1.  3. -3.]
 [ 1.  1. -7. -1.  1. -1. -1.  3.  1.  1.  1.  1.  1.  1.]
 [-1.  3.  5.  3.  1. -1.  1. -1. -1.  3.  1.  1.  1.  1.]
 [-1. -3.  1. -5. -1. -3.  3. -3.  3.  1.  1.  1.  1.  1.]
 [ 3.  3.  1.  3.  1.  3.  5. -1.  1. -5.  1. -3.  1.  3.]
 [-7.  3. -5.  5.  1. -3. -1. -1.  3.  1.  1.  5.  1. -3.]
 [ 3.  1.  3. -3.  3. -1.  1. -1. -3.  5. -3.  1.  1. -1.]
 [ 3. -5.  1.  1. -1. -1.  3.  3.  3. -1.  1.  1.  1.  1.]
 [-5.  1.  3. -5.  3.  3. -5. -3.  1. -1.  3. -1. -1.  1.]
 [ 3.  1.  1.  1.  1.  1.  1.  5.  1. -1.  1.  1.  1.  1.]
 [-7.  1. -1.  5. -1. -3. -1. -5. -1.  3. -1. -1.  3. -1.]
 [ 5.  1. -5. -1. -1.  3.  5. -3. -1.  3. -1. -1.  3. -3.]]

2.part two
weights 3x3
[[1,-1,1],
[1,-1,-1],
[-1,1,1]]

inputs 12x12
[[-1,1,1,-1,1,1,1,1,1,1,1,1],
[1,-1,1,1,-1,1,1,1,-1,1,1,1],
[1,1,-1,1,1,1,1,1,1,-1,1,-1],
[1,1,-1,1,-1,-1,1,1,1,1,1,1],
[1,1,1,1,1,1,1,1,1,1,1,1],
[-1,1,1,-1,-1,-1,1,1,1,1,1,1],
[-1,1,1,1,1,-1,1,1,1,1,1,-1],
[-1,1,1,1,1,1,1,1,1,1,1,1],
[1,1,-1,1,-1,-1,-1,1,1,-1,1,1],
[-1,1,1,1,1,1,-1,1,1,-1,1,1],
[1,-1,-1,-1,1,1,1,-1,-1,-1,1,1],
[-1,-1,1,1,-1,-1,-1,1,1,-1,1,-1]]

result 10x10
[[-1. -5.  7.  1. -1.  1.  3.  1. -3.  1.]
 [ 3. -1. -3. -1. -1.  3. -1.  5.  1.  1.]
 [ 1.  5. -1.  5.  1. -1.  1. -1.  3. -3.]
 [ 1.  1. -7. -1.  1.  1.  1.  1.  1.  1.]
 [ 1.  3.  5.  1. -1.  1.  1.  1.  1. -1.]
 [-1. -1.  1.  1.  3. -3.  1.  1.  1.  3.]
 [-5. -1.  1. -5.  1. -1.  3. -1. -1.  1.]
 [ 3.  3.  1.  5.  1. -1.  1.  1.  1.  1.]
 [-7.  1. -3.  3.  1.  1. -7. -1.  5. -1.]
 [ 3.  5. -1. -5. -3.  5.  5. -1.  1. -3.]]

3.part three
weights 3x3
[[1,-1,1],
[1,-1,-1],
[-1,1,1]]

inputs 10x10
[[-1,1,1,1,1,1,1,1,1,1],
[1,-1,1,1,1,1,-1,1,1,1],
[1,1,-1,1,1,1,1,1,1,-1],
[-1,1,1,-1,-1,-1,1,1,1,1],
[-1,1,1,1,1,-1,1,1,1,1],
[-1,1,1,1,1,1,1,1,1,1],
[1,1,-1,1,-1,1,1,-1,1,1],
[-1,1,1,1,1,1,1,-1,1,1],
[-1,-1,1,1,1,-1,-1,-1,1,1],
[-1,-1,-1,-1,-1,1,1,-1,1,-1]]

result 8x8
[[-1. -3.  3.  1.  3.  3. -1. -1.]
 [ 7. -1. -5. -1. -1.  5. -1.  3.]
 [-1.  5.  3.  1. -1.  1.  1. -1.]
 [-1. -1.  1.  1.  3. -3.  1.  1.]
 [-5. -1.  1. -3.  5. -3. -1.  3.]
 [ 3.  3.  1.  3. -1.  1.  1.  1.]
 [-3.  5. -3.  1. -5. -1.  5. -1.]
 [-3. -3. -1.  3.  7. -1.  1. -3.]]

note:

1. index of weight matrix, input matrix, and result matrix
example:
(1)weigth 3x3:
[[w00,w01,w02],
[w10,w11,w12],
[w20,w21,w22]]

(2)input 10x10
[[i00,i01,i02,i03,i04,i05,i06,i07,i08,i09],
[i10, i11 ............................i19],       
[i20..................................i29],
[i30..................................i39],
[i40..................................i49],
[i50..................................i59],
[i60..................................i69],
[i70..................................i79],
[i80..................................i89],
[i90..................................i99]]

(3)output 8x8
[[o00,o01,o02,o03,o04,o05,o06,o07],
[o10, o11 ....................o17],
[o20, o21 ....................o27],
[o30, o31 ....................o37],
[o40, o41 ....................o47],
[o50, o51 ....................o57],
[o60, o61 ....................o67]],
[o70, o71 ....................o77]]

2. SRAM organization
(1)weight 3x3
first row: dimension of matrix
second row(7 0s added):0,0,0,0,0,0,0,w22,w21,w20,w12,w11,w10,w02,w01,w00
(2)input(zero padded each line, example 10x10(6 0s added each row for values))
first row(dimen one):	0000_0000_0000_1010
second row(dimen)one:	0000_0000_0000_1010
thrid row(values):	0,0,0,0,0,0,i09,i08,i07,i06,i05,i04,i03,i02,i01,i00
...
...
...
(3)output(zero padded each line, example(8x8, 8 0s added each row))
first line:		0,0,0,0,0,0,0,0,o07,o06,o05,o04,o03,o02,o01,o00
...
...
...
